videosDir=C:\Users\rafae\Desktop\Dados Sylvia\Duo Men 1
colorStreamName=layerColor.h264
depthStreamName=layerDepth.rvl
normalStreamName=layerNormal.h264
vidWidth=512
vidHeight=424
numLayers=6
0=-0.997637;-0.0340812;-0.0596575;0.409652;-0.0236445;0.985566;-0.167634;0.953515;0.0645095;-0.165827;-0.984042;4.62166;0;0;0;1
1=0.783068;0.165876;0.599408;-2.63067;-0.0150083;0.968537;-0.248418;1.19082;-0.621755;0.185532;0.760919;-2.95558;0;0;0;1
2=0.794495;-0.191341;-0.576338;3.21199;-0.0302128;0.935434;-0.352208;1.21929;0.606518;0.29724;0.737417;-2.92365;0;0;0;1
3=-0.997637;-0.0340812;-0.0596575;0.409652;-0.0236445;0.985566;-0.167634;0.953515;0.0645095;-0.165827;-0.984042;4.62166;0;0;0;1
4=0.783068;0.165876;0.599408;-2.63067;-0.0150083;0.968537;-0.248418;1.19082;-0.621755;0.185532;0.760919;-2.95558;0;0;0;1
5=0.794495;-0.191341;-0.576338;3.21199;-0.0302128;0.935434;-0.352208;1.21929;0.606518;0.29724;0.737417;-2.92365;0;0;0;1
6=1;0;0;-nan;0;1;0;-nan;0;0;1;0;0;0;0;1
7=1;0;0;-nan;0;1;0;-nan;0;0;1;0;0;0;0;1
8=1;0;0;-nan;0;1;0;-nan;0;0;1;0;0;0;0;1
